100
1000
1001
1002
1003
1004
1005
1007
101
1011
1012
1013
1014
1016
1019
102
1022
1023
1024
1025
1026
103
1030
1031
1035
1036
1038
104
1040
1049
105
1050
1052
1053
1055
1056
1057
1058
1059
106
1060
1061
1063
1064
1065
107
1073
1074
1075
1076
108
1080
1081
1082
1083
1084
1085
1088
109
1091
1093
1098
1099
110
1100
1101
1102
1103
1107
111
1110
1114
1115
1116
1117
1118
1119
112
1120
1121
1123
1124
1128
113
1131
1132
1133
1135
1136
1137
1138
1139
1140
1141
1142
1143
1144
1145
1146
1147
115
1151
1152
1153
1154
1155
1156
1157
1158
1159
116
1162
1163
1168
117
1170
1172
1174
1175
1177
1178
1179
118
1180
1182
1184
1186
1189
119
1193
1196
1197
1198
1199
120
1200
1201
1202
1206
121
122
1223
1225
1226
1227
1232
1233
1235
1236
1237
1238
1239
124
1240
1241
1243
1244
1246
1247
1248
125
1250
1253
1254
1255
126
1263
1264
127
1278
1279
128
1280
1282
1283
1284
1285
1289
129
1290
1293
1294
1296
130
1300
1302
1304
1306
1308
131
1310
1312
1315
132
1323
1324
1325
1326
1329
133
1332
1333
1334
1335
1336
1338
1339
134
1342
1343
1345
1347
1348
1353
1354
1355
1356
1357
1358
1359
136
1360
1361
1362
1369
137
1373
1374
1375
1376
1377
1379
138
1380
1381
1382
1383
1384
1385
1386
1388
1389
139
1394
1398
1399
1400
1403
1404
1405
1406
1407
1408
141
1410
1412
1413
1414
1419
142
1420
1425
1427
1428
143
1431
1433
1435
144
1444
1447
1449
145
1451
1452
1455
146
1460
1462
1464
1467
1468
1469
147
1472
1473
148
1482
1483
1484
1485
1486
1488
149
1491
1492
1493
1496
1497
1499
150
1501
1502
1505
1506
1509
151
1510
1511
1513
1514
1518
152
1521
1522
1525
1526
1529
153
1530
1531
1532
1536
1537
1538
1539
154
1540
1541
1542
1543
1545
1547
1548
155
1550
1551
1552
1553
1555
156
1565
1569
157
1571
1572
1573
1574
1577
1578
1579
158
1580
1584
1587
1588
159
1590
1592
1593
1596
1597
1598
160
1600
1604
1606
1608
1609
161
1610
1612
1614
1616
1617
1619
162
1621
1622
1623
1624
1625
163
1630
1631
1632
1633
1634
1636
1637
1638
1639
1640
1641
1642
1643
1645
165
1654
1655
1656
1657
1658
1659
1660
1661
1663
1665
1667
1669
167
1670
1672
1674
1676
1677
1678
1679
168
1680
1687
1688
1689
169
1692
1693
1695
170
1701
1705
1706
1707
1708
1709
171
172
1722
1723
1725
1726
1728
1729
173
1730
1731
1733
1735
1736
1738
1739
174
1740
1741
1743
1745
175
1755
176
1760
1762
177
1772
1774
1778
1779
178
1782
1783
1784
1785
1786
1787
1788
1789
179
1790
1791
1792
1794
1797
1798
180
1800
1803
1807
1808
1809
181
1810
1811
1813
1814
1815
1816
1818
182
1821
1822
1823
1824
1826
1827
1828
1829
183
1830
1833
1834
1835
1836
184
1840
1843
1844
1845
1848
1849
185
1850
1851
1852
1853
1854
186
1863
1869
187
1870
1871
1872
1877
1878
1879
188
1880
1881
1882
1883
1884
1885
1886
1887
1889
189
1890
1891
1892
1893
190
1901
191
1913
1914
1915
1916
1917
1918
1919
192
1920
1921
1923
1924
1926
193
1930
194
1940
1941
1942
1943
1944
1948
1949
195
1952
1953
1955
1956
1957
196
1960
1962
1963
1964
1965
197
1973
1976
1978
1979
198
1980
1981
1982
1986
1987
199
1991
1992
1993
1994
1996
1997
1998
200
2002
2003
2004
2009
201
2011
2013
2014
2025
2026
2027
2029
203
2031
2032
2037
2039
204
2040
2041
2043
2045
2046
2047
2048
205
2050
2051
2052
2057
206
2060
2063
2067
2068
207
2070
2072
2073
2074
2075
2078
2079
208
2080
2082
2083
2086
2089
209
2090
2091
2095
2096
2097
2098
210
2101
211
2111
2112
2113
2115
2118
212
2120
2121
2122
2124
213
2132
2135
2136
2138
214
2140
2142
2143
2144
2145
2147
2148
2149
215
2150
2151
2155
2156
2157
2158
2159
216
2160
2161
2164
2166
217
2173
2174
218
2186
2189
219
2190
2191
2192
2195
2196
2198
2199
220
2200
2201
2202
2203
2205
2207
2208
221
2214
2215
2216
2217
2219
222
2220
2223
2224
2227
2228
223
2232
2234
2239
224
2241
2242
2243
2244
2246
2247
2248
225
2250
2254
2258
226
2262
2265
2266
227
2272
2273
2278
2279
228
2280
2282
2284
2288
229
2292
2296
2297
2298
230
2300
2303
2309
2310
2313
2315
2317
2318
2319
232
2320
2321
2322
2324
2325
2326
2328
233
2330
2332
2333
2334
2335
2336
2338
2339
234
2340
2342
2348
235
2350
2354
2358
2359
236
2363
2365
2367
2368
2369
237
2371
2372
2373
2374
2375
2376
2377
2378
2379
238
2380
2381
2382
239
2393
2394
2395
2396
2399
240
2400
2401
2402
2403
2404
2405
2406
2407
2408
2409
241
2410
2411
2414
2415
2417
2418
242
2420
2421
2425
2426
2427
243
2430
2431
2432
2433
2436
2439
244
2441
2442
2444
245
2452
2453
2455
2456
2457
246
2461
2467
2469
247
2470
2472
2474
2476
2478
248
2480
2481
2483
2484
2485
249
2491
2494
2495
2496
2498
2499
250
2500
2504
2506
2507
2509
251
2511
2512
2513
2514
2515
2519
2520
2522
2525
2526
253
2531
2532
2534
2536
2537
254
2540
2541
2542
2544
255
2554
2555
2557
2559
256
2561
2563
2564
257
2576
258
2582
2584
2587
2588
2589
259
2590
2593
2598
260
2601
261
262
2625
2626
2627
2629
263
2630
2632
2633
2634
2637
2639
264
2642
2643
2645
2646
2649
265
2654
2656
2658
266
2661
2662
2663
2664
2665
2669
267
2672
2673
2674
2675
2678
2679
268
2680
2686
2687
2688
2689
269
2690
2691
2694
2695
2696
2698
2699
270
2700
2701
2703
271
2712
2713
2714
2715
2716
2717
2718
2719
272
2722
2723
2725
2726
2729
273
2732
2733
2734
2737
2738
2739
274
2743
2744
275
2751
2755
2756
2758
2759
276
2760
2761
2762
2767
2768
2769
277
2771
2772
278
2784
2786
2788
2789
279
2790
280
2804
2805
2809
281
2810
2811
2812
2814
2815
282
2821
2824
2827
2828
2829
283
2830
2832
2834
2835
2836
2837
2839
284
2840
2841
2845
2846
2847
2848
2849
285
2850
2852
2854
2856
2857
2859
286
2860
2861
2865
2866
2867
287
2875
2876
2877
288
2882
2886
2887
2888
2889
289
2893
2894
2895
2896
2898
2899
290
2900
2902
2907
2908
2909
291
2910
2911
2917
292
2927
2929
293
2933
2934
2937
2938
294
2940
2941
2948
2949
295
2951
2952
2953
2954
2957
2958
296
2960
2961
2962
2964
2965
2967
2969
297
2970
2971
2974
2975
2977
2979
298
2980
2981
2982
2983
2985
2986
2989
299
2990
2992
2993
2994
2995
2997
2998
2999
300
3000
3001
3002
3004
3005
3009
301
3013
3014
3015
3018
302
3020
3021
3022
3023
3024
3026
3027
3028
3029
303
3031
3035
3037
3038
3039
304
3043
3044
3045
3046
3047
3048
3049
305
3050
3051
3052
3053
3054
3056
3059
306
3060
3063
3064
3065
3067
3069
307
3070
3071
3072
3073
3074
3075
3076
3078
3079
308
3080
3081
3082
3083
3084
3085
3086
3087
3088
3089
309
3090
3094
3095
3097
3098
3099
310
3100
3101
3105
3106
3107
3109
311
3110
3112
3113
3114
3115
3116
3118
312
3120
3121
3124
3125
3126
3127
3128
3129
313
3130
3132
3133
3134
3135
3138
314
3140
3141
3144
3153
3154
3155
3156
3157
3160
3161
3162
3164
3166
3167
3170
3171
3173
3174
3175
3176
3178
318
3183
3184
3187
3188
3189
319
3191
3195
320
3200
3202
3205
3207
3209
321
3212
3213
3215
3217
3218
322
3222
3223
3224
3225
3226
323
3231
3233
3235
3238
324
3242
3245
3247
3249
325
3250
3253
3255
3257
3260
3261
3266
3267
3268
3269
327
3271
3272
3275
3278
328
3280
3281
3283
3284
3285
3287
329
3290
3291
3292
3294
3295
3297
3299
330
3300
3302
3304
3305
3306
3307
3309
331
3310
3311
3313
332
3328
3329
333
3331
3332
3335
3337
3339
334
3340
3341
3342
3345
3349
335
3352
3353
3354
3355
3358
3361
3362
337
3370
3372
3373
3375
3376
3377
3379
338
3380
3381
3388
3389
3393
3396
3397
3398
340
3400
3401
3403
3406
3407
3409
341
3411
3412
3413
3414
3415
3416
3417
3418
3419
342
3420
3421
3424
3426
3427
3428
3429
343
3431
3432
3433
3436
3438
3440
3441
3442
3443
3445
3446
3448
3449
3450
3452
3454
3455
3456
3458
3459
346
3460
3461
3463
3464
3465
3466
3468
3469
347
3472
3475
3476
3477
3478
348
3480
3481
3484
3485
3488
349
3490
3492
3493
3494
3497
3498
3499
3503
3505
3507
3508
351
3512
3515
3516
3517
352
3521
3523
3526
3528
3529
3533
3534
3535
354
3540
3542
3543
3550
3551
3552
3553
3554
3555
3559
356
3560
3561
3563
3567
3568
357
3570
3571
3572
3575
3576
3578
3579
358
3583
3584
3589
359
3590
3593
3596
3598
3599
360
3601
3602
3607
3609
361
3610
3611
3615
3617
3618
362
3620
3621
3622
3623
3626
3629
363
3632
3634
3635
3636
3637
3638
3639
364
3641
3644
3645
3646
365
3650
3653
3654
3655
3656
3658
3659
366
3660
3661
3664
3665
3666
3667
3669
367
3670
3672
3673
3674
3679
368
3680
3681
3682
3683
3685
3686
369
3690
3691
3692
3693
3696
370
3703
3704
3705
371
3711
3715
3717
3718
3719
3721
3723
3724
3726
3728
373
3730
3734
3736
3737
3739
374
3740
3741
3742
3744
3745
3746
375
3750
3751
3756
3758
3760
3761
3762
3768
3769
377
3771
3773
3775
3776
378
3782
3785
3786
3788
379
3792
3793
3797
3799
3800
3810
3811
3817
3819
3820
3821
3823
3826
3827
3828
383
3832
384
3841
3842
3845
3848
3849
3850
3851
3852
3853
3854
3855
3856
3857
3858
3859
3861
3862
3863
3864
3866
3867
3869
3872
3873
3874
3875
3877
3878
3880
3881
3883
3884
3885
3887
3888
3893
3895
3898
3899
3900
3901
3909
3910
3911
3912
3914
3915
3916
3917
3918
392
3922
3926
3927
3928
3929
3930
3933
3934
3936
3937
3938
3939
394
3940
3941
3942
3943
3944
3945
3946
3947
3948
3949
3950
3951
3952
3953
3954
3955
3956
3957
396
3962
3963
3964
3965
3967
3968
397
3970
3971
3972
3975
3976
3979
398
3980
3985
3986
3987
3989
399
3990
3991
3992
3993
3995
3996
3997
3999
400
4001
4002
4003
4004
4007
4008
4009
401
4010
4011
4013
4014
4015
4019
402
4020
4021
4022
4023
4024
4025
4026
4027
4028
4029
403
4032
4033
4034
4035
4036
4037
4038
404
4042
4043
405
4052
4053
406
4061
4066
4069
407
4073
408
4083
4088
409
4094
4097
4098
4099
410
4100
4104
4107
4108
411
4113
412
4120
4121
4124
4125
4128
413
4131
4132
4133
4134
4135
4136
4137
4138
4139
414
4144
4145
4146
4147
4148
4149
4150
4152
4154
4155
4156
4158
4159
416
4160
4162
4163
4165
4166
4170
4172
4173
4174
4179
418
4182
4183
4185
4186
4187
4188
419
4190
4192
4194
4195
4196
4202
4203
4204
4205
4207
4208
421
4210
4211
4215
4217
422
4222
4225
423
4231
4233
4234
4235
4236
4237
4239
424
4242
4243
4244
4245
4246
4247
4249
425
4250
4252
4254
4255
4256
4258
4259
426
4267
4269
4270
4272
4277
4278
428
4281
4284
4286
4288
4289
4291
4292
4294
4295
4296
4298
4299
430
4300
4301
4305
4306
4307
4308
431
4310
4311
4314
4315
4317
432
4322
4323
4325
4326
4327
4328
433
4330
4331
4332
4333
4334
4335
434
4343
4349
435
4350
4354
4355
4361
4362
4363
4365
4366
4369
4370
4373
4375
4378
4379
4381
4383
4385
4386
4387
4388
4390
4391
4392
4393
4395
4396
4397
4398
4399
4402
4403
4405
4407
4408
4412
4414
4416
4417
4418
4425
4427
4428
4430
4431
4433
4440
4441
4442
4445
4447
4450
4452
4454
4455
4456
4457
4458
4459
4460
4461
4462
4465
4468
4469
4470
4471
4472
4473
4474
4475
4476
4478
4483
4484
4485
4486
4487
4488
4492
4494
4495
4501
4502
4505
4509
4512
4514
4515
4516
4517
4519
4520
4527
4529
4533
4537
4539
4540
4541
4542
4543
4544
4545
4546
4551
4552
4554
4555
4556
4559
4562
4563
4567
4568
4571
4573
4574
4576
4578
4579
4580
4582
4584
4587
4594
4604
4605
4612
4617
4627
4629
4631
4632
4635
4636
4637
4639
4640
4641
4643
4645
4646
4648
4651
4653
4655
4656
4657
4661
4666
4667
4669
4670
4673
4674
4675
4678
4688
4692
4693
4695
4696
4699
4701
4702
4704
4705
4706
4707
4714
4716
4717
4718
4720
4724
4725
4726
4727
4729
4732
4734
4735
4738
4739
4741
4742
4743
4745
4749
4751
4752
4753
4754
4756
4758
4759
4763
4764
4766
4767
4773
4774
4776
4778
4779
4781
4783
4786
4787
4788
4789
4790
4791
4792
4793
4794
4795
4798
4801
4804
4810
4811
4813
4815
4817
4818
4819
4821
4823
4825
4826
4827
4829
4830
4831
4832
4834
4835
4836
4837
4838
484
4845
4846
485
4861
4866
4867
4873
4875
4876
4878
4879
4881
4886
4887
4889
489
4895
4896
4897
4898
4899
490
4900
4902
4903
4904
4905
4906
4908
491
4914
492
4922
4929
4930
4933
4934
4935
4936
4937
4939
4942
4945
4946
4949
4954
4955
4957
4959
4960
4961
4962
4963
4964
4965
4969
4971
4972
498
4981
4983
4986
4989
499
4990
4991
4992
4993
4996
4998
4999
5000
5002
5003
5004
5009
5011
5012
5013
5014
5016
5018
5019
502
5020
5022
5026
503
5031
5035
5038
5050
5052
5054
5055
5057
5058
5059
5060
5062
5063
5064
5065
5066
5067
5069
5072
5077
5080
5083
5084
5085
5086
5087
5088
5091
5093
5099
5101
5102
5108
5112
5115
5116
5117
5118
5126
5127
5128
5129
5130
5131
5132
5136
5137
5138
5139
5141
5142
5144
5147
515
5151
5153
5154
5155
5156
5157
5158
5159
516
5166
5167
5168
5171
5175
5178
518
5180
5181
5182
5183
5186
5188
5189
5190
5191
5195
5196
5197
5198
5199
520
5200
5201
5202
5205
5208
5209
521
5212
5215
5217
5218
522
5222
5223
5224
5228
523
5232
5233
5234
524
5245
5246
5247
5249
525
5251
5253
5254
5255
5258
526
5260
5262
5263
5264
5265
5266
5267
5268
5269
5270
5271
5276
528
5281
5282
5283
5284
5285
5287
5288
5289
529
5290
5291
5294
5295
5297
5298
5299
530
5300
5301
5302
5304
5305
5306
5309
5312
5313
5314
5318
5319
5322
5324
5326
5327
5331
5336
534
5340
5341
5343
5344
5345
5348
535
5352
5358
5359
5361
5364
5365
5366
5367
5368
5369
537
5370
5371
5373
5374
5375
5376
5379
538
5385
5387
539
5390
5391
5392
5393
5394
5399
540
5403
5409
5412
5415
5417
5419
5421
5424
5427
5429
543
5436
5437
5438
5439
544
5442
5444
5445
5448
5449
545
5450
5455
5457
5458
5459
546
5460
5462
5466
5468
5472
5476
5477
5478
5481
5482
5483
5484
5486
5494
5497
5498
5502
5504
5506
5508
551
5510
5516
5517
5518
5519
552
5520
5521
5522
5523
5524
5525
5526
5527
5528
5529
553
5532
5536
5539
5540
5541
5542
5543
5544
5545
5546
5547
5548
5549
555
5550
5551
5555
5556
5558
5559
556
5560
5561
5562
5563
5564
5566
557
5571
5572
5574
558
5581
5584
5585
5587
5589
5592
5593
5594
5595
5596
5597
5598
5599
560
561
5613
5614
5616
5618
562
5621
5625
5626
563
5636
5637
5639
5641
5644
5648
5649
565
5650
5652
5656
5657
5660
5661
5663
5664
5665
5666
5667
5669
567
5678
5681
5682
5685
569
5690
5691
5693
5694
5695
5697
5699
5701
5703
5704
5705
571
5711
5713
5716
5718
5719
5720
5721
5723
5724
5725
5730
5734
5738
574
5741
5742
5743
5746
5749
5753
5756
5757
5758
576
5764
5765
5766
5767
5768
577
5776
5778
5779
578
5782
5783
5784
5786
5788
5789
579
5793
5796
5804
5807
5810
5811
5813
5814
5818
5819
582
5821
5825
5827
5828
5832
5835
5836
5837
5840
5842
5846
5847
5848
5849
5850
5851
5852
5853
5855
5858
5859
5863
5866
5868
5870
5872
5873
5874
5877
5878
5879
5880
5882
5885
5886
5887
5888
5889
589
5890
5891
5893
5894
5896
5897
5898
5900
5901
5902
5904
5905
5906
5907
5909
5910
5912
5913
5914
5918
5919
592
5920
5923
5926
5928
5932
5933
5935
5937
5944
5948
5949
5950
5951
5952
5954
5956
5957
596
5961
5962
5963
5968
5969
597
5970
5972
5977
5978
5980
5981
5982
5983
5985
5987
5989
5996
5997
5998
6000
6001
6002
6003
6005
6008
601
6013
6014
6021
6022
6025
6030
6037
6039
604
6040
6041
6045
6047
6048
6052
6055
6056
6058
6059
6062
6065
6067
6068
6071
6075
6077
6078
6081
6083
6085
6089
6090
6091
6099
6101
6105
6106
6109
6111
6112
6118
6119
6120
6121
6122
6123
6124
6125
6126
6127
6128
6140
6144
6145
6147
6148
6152
6153
6154
6157
6158
6159
6161
6164
6165
6166
6167
6168
6169
6171
6172
6173
6174
6175
6176
6178
6179
6186
6190
6193
6194
6197
6199
6200
6201
6202
6209
6210
6211
6215
6227
6228
6232
6234
6237
6240
6246
6252
6255
6257
6258
6259
6260
6264
6267
6268
6273
6283
6292
6300
6301
6302
6303
6304
6305
6308
6313
6315
6316
6317
6322
6323
6324
6325
6326
6328
6329
6330
6331
6332
634
6341
6343
6348
635
6350
6353
6356
636
6361
6362
6363
6364
6368
6371
6379
638
6380
6381
6383
6385
6386
6387
6388
6389
639
6390
6391
6399
6400
6402
6405
6407
6409
641
6410
6413
6414
6417
6418
6421
6422
6423
6427
643
6432
6433
6438
644
6440
6444
6445
6447
6448
645
6450
6452
6457
646
6460
6461
6465
647
6470
6474
6476
6477
648
6485
6487
6488
6491
6493
6495
6496
6497
6498
6499
65
650
6500
6502
6503
6504
6505
6506
6507
651
6511
6513
6515
6516
6517
6518
6519
652
6520
6521
6526
6528
6529
6530
6532
6534
6536
6538
6541
6543
6544
6545
6547
6549
6550
6551
6553
6554
6555
6557
6561
6564
6569
6572
6573
6579
6581
6586
6588
6589
659
6590
6591
6592
6594
6595
6597
66
6600
6602
6606
6608
6610
6611
6612
6613
6614
6615
6618
6619
662
6622
6623
6624
663
6633
6636
6638
6639
6640
6647
6648
6649
6654
6655
6658
6660
6662
6664
6668
6669
6672
6674
6675
6676
668
6680
6681
6684
6685
6686
669
6690
6692
6693
6694
6695
6697
6700
6702
6703
6704
6705
6706
6708
6710
6711
6712
6713
6716
6718
6719
6721
6722
6723
6725
6726
6727
6728
6729
6731
6733
6734
6735
6736
6738
674
6740
6741
6742
6744
6745
6747
6750
6751
6752
6755
6757
6758
6760
6761
6764
6765
6766
6767
6769
6774
6775
6778
6780
6782
6783
6786
6788
6794
6798
6799
6800
6801
6805
6811
6813
6814
6815
682
6820
6823
6825
6827
6828
6829
683
6830
6831
6832
6833
6834
6835
6836
6837
6839
684
6843
6844
6845
6846
6847
685
6851
6852
6853
6858
6860
6862
6863
6864
6865
6866
6868
6869
687
6870
6871
6872
6875
6876
6878
6885
6886
6887
6889
689
6891
6895
690
6900
6903
6904
6905
6909
691
6913
6915
6916
6919
692
6921
6925
6927
6928
693
6931
6933
6934
694
6943
6944
6950
6952
6956
6957
6958
696
6962
6963
6964
6968
697
6970
6974
6976
6977
6979
698
6981
6982
6983
6984
6985
6986
6987
6988
699
6990
6991
6992
6993
6995
6997
6998
7002
7003
7004
7006
7007
7008
7010
7011
7013
7014
7015
7016
7022
7023
7024
7025
7026
7028
7034
7035
7036
7037
7038
7039
7043
7044
7045
7047
7048
7049
7050
7051
7052
7053
7054
7056
7057
7058
7059
7061
7062
7063
7065
7066
7069
7072
7074
7075
7076
708
7080
7084
709
7090
7091
7092
7095
7096
7097
7098
7099
7100
7102
7103
7104
711
7110
7115
7117
7118
7119
712
7122
7124
7125
7127
7130
7131
7138
7139
7140
7141
7142
7145
715
7151
7153
7154
7155
7157
7159
716
7161
7163
7165
7168
7169
717
7175
7179
718
7180
7181
7185
7189
7191
7192
7193
7195
7197
720
7200
7201
7203
7207
7208
7209
721
7212
7213
7214
7215
7216
7217
7218
7220
7221
7222
7223
7228
7229
723
7230
7231
7232
7233
7235
7236
7237
7239
7240
7241
7243
7245
7246
7249
725
7253
7254
7256
7257
7258
726
7261
7264
7265
7266
7269
727
7271
7272
7273
7274
7275
7276
7277
7278
7279
7280
7285
7286
7289
7290
7291
7292
7293
7294
7295
7296
7297
7298
7305
7306
7309
7313
7314
7315
7316
7317
7319
7320
7322
7324
7325
7326
7327
7329
7331
7332
7333
7335
7337
7339
7341
7344
7346
7351
7353
7355
7357
7358
7359
7360
7361
7362
7363
7366
7367
7370
7374
7375
7376
7378
7380
7381
7382
7383
7388
7389
7390
7391
7392
7393
7400
7402
7403
7404
7405
7407
7410
7411
7413
7414
7415
7416
7418
7420
7421
7429
7430
7433
7436
7437
7439
7440
7441
7442
7443
7444
7449
7450
7452
7453
7455
7456
7464
7466
7467
7469
7470
7471
7474
7475
7476
7477
7478
7479
7480
7483
7485
7486
7487
7489
7490
7491
7492
7501
7504
7506
7508
7509
7512
7516
7517
7518
7519
7522
7523
7524
7526
7529
7533
7534
7535
7536
7537
754
7541
7543
7544
7545
755
7554
7558
756
7568
7569
757
7571
7576
7577
7580
7582
7585
759
7592
7594
7597
7599
76
760
7601
7602
7604
7605
7606
7607
7608
7609
761
7612
7613
7614
7615
7616
7617
7618
7619
762
7621
7625
7627
7629
763
7630
7631
7632
7633
7635
7637
7638
7639
764
7640
7641
7642
7645
7647
7648
7650
7652
7653
7654
7657
7659
766
7660
7661
7662
7666
7667
7668
7669
7670
7672
7673
7674
7675
7682
7683
7687
7688
7690
7691
7692
7693
7694
7695
7697
7698
7699
770
7700
7701
7704
7706
7707
7708
7709
7710
7711
7712
7713
7714
7715
7716
7717
7718
7719
772
7720
7723
7726
7727
7728
7729
7730
7731
7732
7733
7734
7735
7737
7739
7743
7744
7747
7748
7749
7750
7751
776
7760
7761
7763
7765
7769
7772
7777
7778
7779
7780
7781
7782
7783
7784
7785
7787
7788
7789
779
7795
7796
7797
78
780
7802
7803
7806
7807
7808
7809
781
7810
7811
7812
7815
7816
7817
7818
782
7824
7825
7827
7828
7829
783
7838
7839
7842
7843
7844
7846
7849
7852
7853
7857
786
7860
7863
7864
7865
7866
7867
7869
787
7870
7872
7873
7879
788
7880
7881
7882
7884
7886
7887
7889
789
7890
7891
7892
7893
7894
7895
7897
7898
790
7904
7905
7906
7907
7908
7909
791
7910
7912
7913
7914
7915
7916
7917
7921
7923
7924
7925
7937
7944
7945
7946
7949
795
7950
7951
7952
7953
7954
7955
7956
7957
7969
797
7974
7975
7976
7979
798
7980
7981
7982
7983
7984
7986
7987
7988
7989
799
7990
7992
7993
7994
7997
7998
80
800
8002
8003
8005
8008
8011
8012
8013
8015
8016
8019
8023
8024
8026
8030
8031
8032
804
8040
8041
8042
8043
8044
8045
8049
8051
8056
8057
8058
8059
806
8060
8066
8068
8069
807
8070
808
8080
8082
8084
8085
8086
8087
8089
809
8090
8091
8092
8093
8094
8095
8098
8099
810
8103
8106
8110
8111
8116
8117
8123
8124
8125
8128
813
8130
8134
8137
814
8143
8151
8152
8154
8156
8158
8159
816
8160
8164
8165
8167
817
8170
8179
8180
8181
819
8190
8197
8198
8199
8202
8207
8209
8210
8211
8212
8214
8215
8216
8220
8221
8222
8225
8227
8229
8230
8232
8233
8239
8240
8243
8244
8250
8251
8252
8253
8257
8258
8259
8260
8261
8262
8263
8264
8265
8266
8271
8272
8273
8276
8277
8279
828
8280
8281
8282
8284
8287
8288
829
8294
8298
830
8300
8303
8304
8306
8307
8312
8316
8317
832
8324
8325
8326
8327
833
8330
8331
8334
8338
8339
834
8340
8341
8342
8343
8347
835
8350
8354
8357
8359
836
8360
8361
8362
8363
8365
8366
8367
8369
8370
8372
8374
8378
8379
838
8381
839
8391
8392
8394
8396
8397
8398
8405
8406
8407
8409
8413
8414
8416
8417
8418
8419
842
8421
8422
8423
8424
8428
8429
843
8431
8435
8436
8438
8439
844
8440
8441
8442
8444
8449
845
8450
8451
8452
8453
8455
8457
8458
8459
846
8461
8462
8463
8464
8465
8467
8468
8469
847
8470
8471
8472
8473
8479
848
8480
8481
8483
8484
8488
8489
849
8495
8498
850
8501
8502
8503
8504
8505
8507
8508
8509
8510
8513
8517
8519
852
8525
8526
8527
8528
8529
8530
8532
8533
8534
8535
8536
8537
8539
8540
8542
8545
8546
8547
8549
855
8550
8556
8559
8561
8563
8565
8566
8567
8568
8569
8574
8577
8578
858
8580
8581
8584
8585
8587
859
8590
8595
8596
8598
8599
860
8601
8602
8606
8607
8610
8611
8612
8613
8621
8622
8624
8626
8630
8633
8634
8635
8639
864
8640
8641
8642
8647
865
8650
8656
8657
8659
866
8660
8662
8663
8670
8671
8672
8673
8674
8675
8676
8677
8678
868
8680
8681
8682
8683
8684
8685
8687
869
8690
8692
8694
8695
8697
8698
8700
8701
8703
8706
8707
8708
8709
871
8715
8717
872
8724
8725
8726
8727
873
8731
8732
8733
8734
8735
8737
8738
8739
874
8742
8744
8747
8749
875
8750
8751
8752
8754
8755
876
8764
8765
8772
8773
8775
8776
8777
8778
8779
8780
8782
8783
8786
8788
8792
8793
8794
8795
8796
8797
8798
8799
8802
8803
8804
8806
8807
8808
8810
8815
8816
8819
882
8823
8826
8829
883
8830
8833
8834
8835
8836
8837
8839
884
8841
8842
8843
8845
8847
885
8850
8851
886
8863
8865
8866
8869
887
8870
8874
8875
8876
8877
8879
888
8880
8882
8884
8886
8887
8888
889
8892
8896
8897
8899
89
890
8900
8901
8902
8903
8904
8908
8909
891
8910
8914
8917
8921
8922
8925
8926
893
8930
8932
8934
8935
8937
8938
8939
894
8940
8941
8943
8945
8949
8956
8957
8961
8969
8971
8979
898
8980
8985
8986
8988
8990
8991
8992
8993
8995
8997
8998
8999
90
9000
9001
9002
9003
9006
9007
9008
901
9013
9014
9017
9019
902
9020
9021
9022
9024
9025
9026
9027
9028
9029
9030
9031
9032
9033
9034
9035
9036
9037
904
9040
9041
9043
9044
9048
905
9050
9052
9054
9055
9056
9057
9058
9059
906
9060
9061
9066
9067
907
9070
9071
9072
9073
9074
9075
9078
9079
908
91
910
911
912
915
917
918
92
920
921
923
924
925
926
928
93
931
932
933
936
94
948
949
95
950
951
952
955
956
958
959
96
960
961
966
969
97
971
972
975
977
978
979
98
981
982
983
984
985
986
989
99
990
991
996
997
998
999
